[gd_scene load_steps=4 format=2]

[ext_resource path="res://models/scenes/sword1_model.tscn" type="PackedScene" id=1]
[ext_resource path="res://objects/items/swords/sword1/data.gd" type="Script" id=2]

[sub_resource type="BoxShape" id=1]
extents = Vector3( 5, 1, 5 )

[node name="sword" type="Spatial"]
script = ExtResource( 2 )

[node name="Model" parent="." instance=ExtResource( 1 )]

[node name="horizontal_area" type="Area" parent="."]
transform = Transform( 1, 0, 0, 0, 1, 0, 0, 0, 1, 1, 2.18, 0 )

[node name="CollisionShape" type="CollisionShape" parent="horizontal_area"]
transform = Transform( 1, 0, 0, 0, 1, 0, 0, 0, 1, -5, 0, 0 )
shape = SubResource( 1 )

[node name="vertical_area" type="Area" parent="."]
transform = Transform( 1, 0, 0, 0, -0.5, 0.866025, 0, -0.866025, -0.5, 1, 2.18, 0 )

[node name="CollisionShape" type="CollisionShape" parent="vertical_area"]
transform = Transform( 1, 0, 0, 0, 0.866025, -0.5, 0, 0.5, 0.866025, -5, 0, 0 )
shape = SubResource( 1 )

[node name="downleft_area" type="Area" parent="."]
transform = Transform( 1, 0, 0, 0, -0.965926, 0.258819, 0, -0.258819, -0.965926, 1, 2.18, 0 )

[node name="CollisionShape" type="CollisionShape" parent="downleft_area"]
transform = Transform( 1, 0, 0, 0, 0.866026, -0.5, 0, 0.5, 0.866026, -5, 0, 0 )
shape = SubResource( 1 )

[node name="downright_area" type="Area" parent="."]
transform = Transform( 1, 0, 0, 0, 0.258819, 0.965926, 0, -0.965926, 0.258819, 1, 2.18, 0 )

[node name="CollisionShape" type="CollisionShape" parent="downright_area"]
transform = Transform( 1, 0, 0, 0, 0.866026, -0.5, 0, 0.5, 0.866026, -5, 0, 0 )
shape = SubResource( 1 )
