[gd_scene load_steps=7 format=2]

[ext_resource path="res://models/scenes/dungeon_turn_a_model.tscn" type="PackedScene" id=1]

[sub_resource type="BoxShape" id=1]
extents = Vector3( 0.5, 1, 0.5 )

[sub_resource type="BoxShape" id=2]
extents = Vector3( 1.5, 0.1, 1.5 )

[sub_resource type="BoxShape" id=3]
extents = Vector3( 0.1, 2, 0.1 )

[sub_resource type="BoxShape" id=4]
extents = Vector3( 1.5, 0.1, 0.5 )

[sub_resource type="BoxShape" id=5]
extents = Vector3( 1.5, 0.1, 0.5 )

[node name="dungeon_turn" type="Spatial"]

[node name="dungeon_turn_a_model" parent="." instance=ExtResource( 1 )]

[node name="StaticBody" type="StaticBody" parent="."]

[node name="CollisionShape" type="CollisionShape" parent="StaticBody"]
transform = Transform( 1, 0, 0, 0, 1, 0, 0, 0, 1, -1.50003, 1, -0.505874 )
shape = SubResource( 1 )

[node name="CollisionShape8" type="CollisionShape" parent="StaticBody"]
transform = Transform( 1, 0, 0, 0, 1, 0, 0, 0, 1, -0.5, 2.75, 0.5 )
shape = SubResource( 2 )

[node name="CollisionShape3" type="CollisionShape" parent="StaticBody"]
transform = Transform( -4.37114e-08, -1, 0, 1, -4.37114e-08, 0, 0, 0, 1, 1, 1.5, 0.5 )
shape = SubResource( 2 )

[node name="CollisionShape11" type="CollisionShape" parent="StaticBody"]
transform = Transform( 1, 0, 0, 0, 1, 0, 0, 0, 1, 0.9, 2, -0.9 )
shape = SubResource( 3 )

[node name="CollisionShape12" type="CollisionShape" parent="StaticBody"]
transform = Transform( 1, 0, 0, 0, 1, 0, 0, 0, 1, -0.9, 2, -0.9 )
shape = SubResource( 3 )

[node name="CollisionShape6" type="CollisionShape" parent="StaticBody"]
transform = Transform( -0.707107, -0.707107, 0, 0.707107, -0.707107, 0, 0, 0, 1, 0.5, 2.5, 0.5 )
shape = SubResource( 2 )

[node name="CollisionShape7" type="CollisionShape" parent="StaticBody"]
transform = Transform( 0.5, -0.866025, 0, 0.866025, 0.5, 0, 0, 0, 1, -0.5, 2.5, -0.5 )
shape = SubResource( 4 )

[node name="CollisionShape4" type="CollisionShape" parent="StaticBody"]
transform = Transform( 1.91069e-15, 4.37114e-08, -1, 1, -4.37114e-08, 0, -4.37114e-08, -1, -4.37114e-08, -0.5, 1.5, 2 )
shape = SubResource( 2 )

[node name="CollisionShape9" type="CollisionShape" parent="StaticBody"]
transform = Transform( 1.91069e-15, 4.37114e-08, -1, 0.707107, -0.707107, -3.09086e-08, -0.707107, -0.707107, -3.09086e-08, -0.5, 2.5, 1.5 )
shape = SubResource( 2 )

[node name="CollisionShape10" type="CollisionShape" parent="StaticBody"]
transform = Transform( 1.91069e-15, 4.37114e-08, -1, 0.866025, 0.5, 2.18557e-08, 0.5, -0.866025, -3.78552e-08, -1.5, 2.5, 0.5 )
shape = SubResource( 5 )

[node name="CollisionShape5" type="CollisionShape" parent="StaticBody"]
transform = Transform( -3.09086e-08, -0.707107, -0.707107, 1, -4.37114e-08, 0, -3.09086e-08, -0.707107, 0.707107, 0.5, 1.5, 1.5 )
shape = SubResource( 2 )

[node name="floor" type="CollisionShape" parent="StaticBody"]
transform = Transform( 1, 0, 0, 0, 1, 0, 0, 0, 1, -0.505, -0.1, 0.505 )
shape = SubResource( 2 )

[node name="disabled" type="Node" parent="."]
