[gd_scene load_steps=7 format=2]

[ext_resource path="res://models/scenes/dungeon_turn_short_model.tscn" type="PackedScene" id=1]
[ext_resource path="res://resources/physics/floor_material.tres" type="PhysicsMaterial" id=2]
[ext_resource path="res://resources/debug_materials/fullbrite_pink.tres" type="Material" id=3]

[sub_resource type="BoxShape" id=3]
margin = 0.001
extents = Vector3( 1, 0.1, 1 )

[sub_resource type="BoxShape" id=4]
extents = Vector3( 1.5, 0.1, 0.5 )

[sub_resource type="CubeMesh" id=2]
size = Vector3( 0.25, 0.25, 1 )

[node name="dungeon_turn" type="Spatial"]

[node name="dungeon-turn-short" parent="." instance=ExtResource( 1 )]

[node name="StaticBody" type="StaticBody" parent="."]
transform = Transform( 1, 0, 0, 0, 1, 0, 0, 0, 1, 0, 0, -1 )
physics_material_override = ExtResource( 2 )

[node name="CollisionShape8" type="CollisionShape" parent="StaticBody"]
transform = Transform( 1, 0, 0, 0, 1, 0, 0, 0, 1, 0, 2.75, 1 )
shape = SubResource( 3 )

[node name="CollisionShape3" type="CollisionShape" parent="StaticBody"]
transform = Transform( -4.37114e-08, -1, 0, 1, -4.37114e-08, 0, 0, 0, 1, 1, 1, 1 )
shape = SubResource( 3 )

[node name="CollisionShape6" type="CollisionShape" parent="StaticBody"]
transform = Transform( -0.707107, -0.707107, 0, 0.707107, -0.707107, 0, 0, 0, 1, 0.5, 2, 1 )
shape = SubResource( 3 )

[node name="CollisionShape4" type="CollisionShape" parent="StaticBody"]
transform = Transform( 1.91069e-15, 4.37114e-08, -1, 1, -4.37114e-08, 0, -4.37114e-08, -1, -4.37114e-08, -0.5, 1, 2 )
shape = SubResource( 3 )

[node name="CollisionShape9" type="CollisionShape" parent="StaticBody"]
transform = Transform( 1.91069e-15, 4.37114e-08, -1, 0.707107, -0.707107, -3.09086e-08, -0.707107, -0.707107, -3.09086e-08, -0.5, 2, 1.5 )
shape = SubResource( 3 )

[node name="CollisionShape5" type="CollisionShape" parent="StaticBody"]
transform = Transform( -3.09086e-08, -0.707107, -0.707107, 1, -4.37114e-08, 0, -3.09086e-08, -0.707107, 0.707107, 0.5, 1, 1.5 )
shape = SubResource( 3 )

[node name="corner" type="CollisionShape" parent="StaticBody"]
transform = Transform( 0.183012, -0.683012, -0.707107, 0.965925, 0.258819, 0, 0.183013, -0.683012, 0.707107, -0.75, 2.5, 0.25 )
shape = SubResource( 4 )

[node name="StaticBody2" type="StaticBody" parent="."]
collision_layer = 3
collision_mask = 3

[node name="floor" type="CollisionShape" parent="StaticBody2"]
transform = Transform( 1, 0, 0, 0, 1, 0, 0, 0, 1, -0.5, -0.1, -0.5 )
shape = SubResource( 3 )

[node name="disabled" type="Node" parent="."]

[node name="MeshInstance" type="MeshInstance" parent="."]
transform = Transform( 1, 0, 0, 0, 1, 0, 0, 0, 1, 0, 4, -0.5 )
mesh = SubResource( 2 )
material/0 = ExtResource( 3 )

[node name="MeshInstance2" type="MeshInstance" parent="."]
transform = Transform( -4.37114e-08, 0, 1, 0, 1, 0, -1, 0, -4.37114e-08, -0.5, 4, 0 )
mesh = SubResource( 2 )
material/0 = ExtResource( 3 )
