[gd_scene load_steps=9 format=2]

[ext_resource path="res://models/scenes/dungeon_tee_model.tscn" type="PackedScene" id=1]
[ext_resource path="res://resources/physics/floor_material.tres" type="PhysicsMaterial" id=2]
[ext_resource path="res://resources/debug_materials/fullbrite_blue.tres" type="Material" id=3]

[sub_resource type="BoxShape" id=1]
extents = Vector3( 1, 0.1, 1 )

[sub_resource type="BoxShape" id=2]
extents = Vector3( 1, 0.1, 0.5 )

[sub_resource type="BoxShape" id=3]
margin = 0.001
extents = Vector3( 1.5, 0.1, 1 )

[sub_resource type="BoxShape" id=5]
extents = Vector3( 0.5, 0.1, 0.5 )

[sub_resource type="CubeMesh" id=4]
size = Vector3( 0.25, 0.25, 2 )

[node name="dungeon_tee" type="Spatial"]

[node name="dungeon_tee_model" parent="." instance=ExtResource( 1 )]

[node name="StaticBody" type="StaticBody" parent="."]
physics_material_override = ExtResource( 2 )

[node name="CollisionShape3" type="CollisionShape" parent="StaticBody"]
transform = Transform( -4.37114e-08, 1, 0, -1, -4.37114e-08, 0, 0, 0, 1, -1.1, 1, 0 )
shape = SubResource( 1 )

[node name="CollisionShape4" type="CollisionShape" parent="StaticBody"]
transform = Transform( 1.91069e-15, -4.37114e-08, 1, -1, -4.37114e-08, 0, 4.37114e-08, -1, -4.37114e-08, 1.5, 1, 1.1 )
shape = SubResource( 2 )

[node name="CollisionShape5" type="CollisionShape" parent="StaticBody"]
transform = Transform( 1.91069e-15, -4.37114e-08, 1, -1, -4.37114e-08, 0, 4.37114e-08, -1, -4.37114e-08, 1.5, 1, -1.1 )
shape = SubResource( 2 )

[node name="CollisionShape2" type="CollisionShape" parent="StaticBody"]
transform = Transform( 1, 0, 0, 0, 1, 0, 0, 0, 1, 0.5, 2.75, 0 )
shape = SubResource( 3 )

[node name="CollisionShape7" type="CollisionShape" parent="StaticBody"]
transform = Transform( 1.91069e-15, -4.37114e-08, 1, -0.866025, -0.5, -2.18557e-08, 0.5, -0.866025, -3.78552e-08, 1.5, 2, 0.8 )
shape = SubResource( 2 )

[node name="CollisionShape9" type="CollisionShape" parent="StaticBody"]
transform = Transform( 1.91069e-15, -4.37114e-08, 1, -0.866025, -0.5, -2.18557e-08, 0.5, -0.866025, -3.78552e-08, 0.9, 2.7, 0.6 )
shape = SubResource( 5 )

[node name="CollisionShape10" type="CollisionShape" parent="StaticBody"]
transform = Transform( 8.14603e-08, 1.41093e-07, 1, 0.866025, -0.5, 0, 0.5, 0.866025, -1.62921e-07, 0.9, 2.7, -0.6 )
shape = SubResource( 5 )

[node name="CollisionShape8" type="CollisionShape" parent="StaticBody"]
transform = Transform( 1.91069e-15, -4.37114e-08, 1, -0.866025, 0.5, 2.18557e-08, -0.5, -0.866025, -3.78552e-08, 1.5, 2, -0.8 )
shape = SubResource( 2 )

[node name="CollisionShape6" type="CollisionShape" parent="StaticBody"]
transform = Transform( -0.5, 0.866025, 0, -0.866025, -0.5, 0, 0, 0, 1, -0.58762, 2.25, -0.000517368 )
shape = SubResource( 1 )

[node name="StaticBody2" type="StaticBody" parent="."]
collision_layer = 3
collision_mask = 3

[node name="floor" type="CollisionShape" parent="StaticBody2"]
transform = Transform( 1, 0, 0, 0, 1, 0, 0, 0, 1, 0.5, -0.1, 0 )
shape = SubResource( 3 )

[node name="disabled" type="Node" parent="."]

[node name="MeshInstance" type="MeshInstance" parent="."]
transform = Transform( 1, 0, 0, 0, 1, 0, 0, 0, 1, 0, 4, 0 )
mesh = SubResource( 4 )
material/0 = ExtResource( 3 )

[node name="MeshInstance2" type="MeshInstance" parent="."]
transform = Transform( -4.37114e-08, 0, -1, 0, 1, 0, 1, 0, -4.37114e-08, 1, 4, 0 )
mesh = SubResource( 4 )
material/0 = ExtResource( 3 )
